alpha=0.500000
beta=0.100000
ntopics=100
ndocs=30
nwords=253
liter=32
