alpha=0.500000
beta=0.100000
ntopics=50
ndocs=43
nwords=270
liter=1000
